10010010010000010010010000000010
00101001001110110000110110010010
11001001001111101000000100111000
00111000000000100001110100000000
00001000000000000000000000000000
00100000000000000000000000000000
00000000100000100110110110110111
10011110000101111110111100000000
10010010100010010010010010010000
01001001001110100010010000010100
00001001001011000010000100000011
00000110011010011100111000000000
00000000000000010000000000000100
00000000000000000100000000000000
00100000100100000110111010001110
10011111101100010011101100000000
10000010010010000010000010000001
01000001101111100110010010000010
01101110000100011100010110101010
11110100110001010010000000000000
00000000000010000000000000010000
01000000000000000000000000001000
00010000000000111111111100110111
11111111110111101110010000000000
00010000010010010010010000010000
01001001101110010110010010011111
10101100000000001101001000001100
00010000100000010000000000000000
00000001010000010000010000000000
00000000000000000000000000001000
00000000000010100110110110110101
11101111100011110001110100000000
00000000000010010100000010010000
01001001111100010000110111110010
00010001100000101000110111000000
00010010000000100000000000000000
00000000000000000000000000000000
00001000000000000000000000000000
00100000100000000100110110110111
11111110100011111101001100000000
10010010010010010010010000010010
00001001001001011110100000100001
10001010000000010101011000000000
00000000000000000000000000000000
00000000000000000000010000000000
00000000000001000000000000000000
00000110000000000000110100110011
10001001111111011111110100000000
10110000010010000010000010010010
01000101001101000100001000100010
01110000110010100101000000000000
00000000010000000000000000000000
00010000000000000000000000000000
00000000000000000000000000000000
00000000100000000000100100111100
11011111101010001110111000000000
00010010000010010010000010010010
01001001010010101010011101001001
01111000101000100000100000000000
00000000100000000000000000000000
10000000000000000000010000000000
00000000000000000000000000000001
00010100000100000000000100010100
00111011110100111001010100000000
00000010100010000010010010010010
00000001010100100010000000000100
10000100000000010000110000000100
00010010000000000000000000000000
00001000000100000000000000000000
00010000000000000000000000001000
00000000000000100100010100000100
10101110010100011000001000000000
00010010010010000000010010010000
01000001100000001100010001000000
01001010000100000100000100000110
00010000000000000000000000000000
10000000000000000100000000000000
00000000000000000000000000000001
00000100010000000100110110110100
11011011111110000100100000000000
00010010010110010010000010000000
01001010001000100011010100000001
00001001000000000000000000000000
10000000000010000001000000000000
10000000000000000010000000010000
00000000000010001000101001001000
00000000101000000000000101111101
10010010011100111000000000000000
10010010010010010010010100010010
01001011001011110000000011000000
00000001000000000001100100000000
00000010000000000000000000000000
10100010000000000000000100000010
00000001001000001000000001000000
00000100100000000100100000110110
10110011101100000001000100000000
10010010000100010000010010011010
01001001000100100000001010100001
10010000000000100000000000100000
10000000000000000010000000000000
00000010010000010000010000000000
01001000001010100001001001000000
01010000000100100000000100111001
11011100000000000000100100000000
10010010010010010010000000010000
01100110111001000000100001101000
01100000000000001000000000100000
00000000000000000010000000000000
00010110010010000110000000000000
00001000011000001000000010000000
00000100000101000000100000111000
11111000101110101010001000000000
00110000010000000010011010000010
00010000001101000000000010010000
01000100000000000000000000000000
00000000000000010000000000000000
00010000010001010000000010000000
01001000000001000000001000000000
00111000100000100110000000000101
00001011010100000001100000000000
00010010010010010000010010000011
11000110000100000000001000011001
00001000100000000000100100000000
10000000000000000000000000000000
00010110000010000000000000000010
00001000001001001000000000000001
00000001000000000000000000101100
10000100000101110101101000000000
10000010000010000010000010001001
11111110000011100010010001000000
00000010000000000000000100001000
00010000000010000010000000000000
00010000010010000000010000001010
01000001011001000000000000000001
00100000000000000100000000000100
10111001100110011110100100000000
10010010011010010000010010110001
11101000100000010001101000000001
00100000000000000000000001100100
00000010001000000100010000000000
10000011000000010000000000000011
01001000001001000000000000000001
00000100000000000000100000000100
00011001110110111011110000000000
00010000010010000010001010011011
00001110001000100000000000001000
00000000000000100001000100100000
10000000000010000010000000000000
00000100000000000000010000010000
00000011000010000000000001001000
00000000000100000000000100000100
00010010001010010000110000000000
00000000010010010011111010001001
01111000110000001000000000000000
00000100100000000000000110100000
00000000000000000000010000000000
00000000010000010000010000000000
00001001010000000000001000000001
10000000100000000100100000000100
10010110000101000100001100000000
00010000010000000000010000011010
00001000000001000000001000001000
00000000000010000001000000000000
00000000000000000000000000000000
00010010000010000010000010010010
00000001000000001000000001001001
00100000000000000100000000000000
11000010000110000010100100000000
00010000000000010000000010010010
00000000010000000010000000001000
00000000000000000000000100000100
10100000000000000000000000000000
00000010010000010000010000000000
00001000000000000000000001000000
00000000000000000000000000000000
10011010000110000010110100000000
00000001000000000000000000010010
00000001000000000000001000000000
00000000000100000010000100100100
00000000000000000010101000000000
00000010100010010000000000000010
00000000010001000000000000001001
00000000000000100000000100000110
00010010001110001001000000000000
10000000000000000000000000000000
00000000100000000000000000001000
01000100000000100000000100000100
00010110010010000000000000000000
10010001010000010010001000000010
00000000000000000000000001001000
00000001000000000100000000100000
10000010110100010000010100000000
00000000000000000000000000000000
00000000001000000000100000000001
00000000000000000000000000100100
00000000000010000000010000000000
00000000000000000000010000010000
00000000001000101001010000000001
00100000010000000000000001000000
00000010010011000001000000000000
10000000000000010010000000010000
00000000000000001000000000000001
00000000100100000110000000100100
10000000011000110000100100000000
00000000000010010010000010000000
00000011001000000000000000010001
00100000100000000000000000000100
10000010010000000000001000000000
00000010000000000000000000000000
00000001000000000000001000000000
00000000000000100000000100000100
10000010010010010010000000000000
00011010010000000010000100000000
00000000000001000010001000001001
00000000000000000010100000000000
00100010010011100000000000000000
10000000000000010000000000000000
00000000000000001000000000001000
00000000100000000000100000000000
00001000010010001000000000000000
10010100000000010000000100000000
01000000000000000100000101000001
00000001000000000100000000000000
00000010010010010001011000000000
10010000000000000000000000000000
01000000000000000000000000000000
00000100000000000000000000110100
00010000000000000010000000000000
00001000010000000000010010000000
01001000000000000000000000000010
00100000100100000000000000100001
00000000010000010011110100000000
00000000001000000000000010000000
00001000000000000000000001000000
00100000000001000000000100100100
00010010000010000010010000000000
00010010000010001010010000000000
00001010000000000000000000000000
00100100000000000000000000100010
00000000000010011000111000000000
00010000000000010000000000000000
00000000000000000000000000000101
00000100000000100000000000100000
00000000100100000010010000000000
00000000000000010000000110000000
10000000100000000000000001000000
00100000000000000001100000000100
10100000010001000111011100000000
00000000000010000000000000010000
11000001000001000100000000000001
00000001000000100100100111000000
10010010000010010010010000000000
00000000000000000000000010000010
00011000000000000000001001000100
00000000000000000100000000000000
00110010100000011000010000000000
00000000010000010000000000000001
00000000000001001000000000000000
00100000000100000000000000000100
00000000000000010010000000000000
00000000001000000000000000000000
00000001000000000000000000000000
00100100100100100100100000000000
10010000010000011010000000000000
00000000001000000000010000000000
00000000000001001000000000000001
00100000100000000000100000000000
00001010000000010000000000000000
10010010000010010100000010000000
01000000000001000000000000000001
00000000000100000100010000000000
00000000000000011100010000000000
00000000000000000000000010010000
00000000001000001000000000000001
00000100000000100100000000110000
10000000010000000010000000000000
00010000000000000000010000000010
00001000000001000000001001000000
00100000000000000000100000000000
10000010010000010001001000000000
10000000000000000000000000000000
00000001000000000000000000001000
00000000100000001000000000000100
00010100000100110000010000000000
00000010000000000010000000000010
00000000000000000000000000000001
00100001100100000000000000000100
00001000010000010010111100000000
10110101001000000000000000000010
00000000000010000001000000000001
00000000100001110000000000101000
10010010010010000010000100000000
00000001000010000000000000000000
00000000001000000001000000001001
01000000000100000000000000000000
00000000010000000011011000000000
11101000100000000000000000000000
00000000000000000000000000000001
00100000100100000100000000100000
00010000010000000000001000000000
10010000000010000000010001010000
00000000000000000000000000000001
00000000000000100000101000100000
00100001010011010010110100000000
11000000000000011000001001001100
10101000000000001101000001001000
00000100000100000000000100000100
00000001000010010001000100000000
00000010010000000000001000000010
00001101001000000001000000000000
00000110000110000000100000000100
00000000010010000010010100000000
00000000000100000000000011011010
01111101011111100111000100110001
00000000100100000100100000100000
10011000000000000000000000000000
10010000000010000000000000000000
01010100000100000010000000000001
00000000110000100000000000000000
00000000000010011001011100000000
10000000000000000001011000011011
01110100101101101101000110100000
00000000000000000100000100000000
00001000000010000010000000000000
00010000000100000000000000010000
00001000001000000000000000001000
00000000000100000000000000000100
10000000000000011111011100000000
00000000001001100000000000000000
11101111000110110100010001000101
00100000001100000000000000000100
00010000010000010000010000000000
00000010000000000000000010000010
00000000000000000000000000000001
01100000000000000000000100000010
00000000000000010111100000000000
10000100000010000000000000001011
10101000001101001100100101000001
00000100000000000000001000000000
10000000000000100000000000000000
00010000000010000000000000000010
00000000000101000000000000000000
01000000000100100100100000000100
00011000000000011010100000000000
01010000000011000011010010000001
00010000100000000001101100001000
00000100000000100000000000100000
00000000010000000010000000000000
00000000000000010001011000000000
01000101000000000100000000000000
00000100000000110000000100000000
10000000000000010011100000000000
00000001001000100101001101110010
11111111110011101001110011000001
00100000001000100000100000000000
10000110001000000000010000000000
00010000001010000000000000000000
00010000000000001000000000001000
00000000100100100000110000000000
00010000001010000010101000000000
01111111011111111100111111111111
10111111111111111111111111001001
00000000000000000100000000000010
00010000000000110000000000000000
00000000000000010000000000000000
01000000000000000000000000001000
10000000000000000000000100000000
10000000000010010010100100000000
11111111111111111111111111111111
11111111111111111111111101000000
00000010000100000000100000110100
00000000000001000010001100000000
10000000000000000010000000000000
00000000000000000000000100000001
00000000100000000100000000100000
10000000000000000110000000000000
11111111111111111110111111111111
11111111111111111111111001000001
00000000000000000000000000000100
10001000000010000000000000000000
00000000010000000010000000000010
01001000001000000000000000000000
00000000000001000010000000000100
00010000000000000000011000000000
11111111111011111111111111110101
10111111010100010001100000000101
00000100000000000000000000000000
00000010100000000000010000000000
00000000000001000000001000000000
00000001000000000001000000000000
00000000000110000100000100100000
00000000110010000000010000000000
10001000010100010000000010000000
00000000000000000000000001000001
00000000000000000000000000001000
10000010010000000010000000000000
00000000000000000000010001000000
01001000000000000000000000000000
00000000000000100100000000000000
00000000010000000010010000000000
00000001000000000000000100000000
10000000000000000000000000000000
00000000000000000000000010000000
10100010000000010000000000000000
00000010000000010000000010000000
00001000100000000000000000001000
00000000000100000000100000100000
10000010000010000010011000000000
00000000010000000000100000000000
10000001000000000000000001001000
00000100000000100000100000000100
00000000000000010000010000000000
00010000000000000010000010000010
00000001000000000001000000000000
00000000000000000100000100000110
00010000000000000000000000000000
00000000000000000000000000000000
01000000000010000010100000000000
00100000100000000000000000000000
00000010000010000010000000000000
10000000000010000000000000000010
00001000001000001000001000000000
00000000000010100000001100000000
00000000100000000000000000000000
00000000000000001010000010000000
00000100000100101000101100001001
00000000000000100000000100000100
00000000000000010000000000000000
00000000010000010000011000010000
01000000000001000000000000000000
00000000000100000100000000000000
10000000010000010000000000000000
10000000000011100110000000000010
00000100101000000000000100010010
00000000000000100000000000000000
00000010000010000000000000000000
00000010000000001000000000010000
00000001000000000000010000000001
00000000000000000000000000000100
00000000000010010010000000000000
00000110000110010001000010111000
00101000101000100110010000000000
11000001000000000000000000000000
00010000000000000000000000000000
00010000000000000000010000000000
00000010001000000001000010001000
00100000000000000000000100100000
10000000000000000000000000000000
10000000000000000010001010010100
01000000000101100000101000000100
00110100000000100000000000000000
10000000001001000000000000000000
00000000010010000000000000010010
00000000000000000100000000000001
00000000000000000000000000000000
10000000010000010000000000000000
00101000000000001100000001000010
00100001000000001110110001000000
00000111110000000000100000000001
00000010000000000010000000000000
00000000000000000100000000000000
00001001000000001000000000000000
00000000100010101000000100000000
00000000010000000000000000000000
00001000011100000010000001010000
01100100000000001000001000001010
00000000001000000000000000100000
00000000000000000000000000000000
00000000000010000000000000010000
01010000000000000000000001001001
10101000100001000000000000000100
00000000000000001010000000000000
11000000011000110000101000010000
00101000000000001100011111100110
00100110000100000100000000000000
00000000000000000000000000000000
00000000000000000000010000000000
01000100000000000000000000000000
00100000000000001000100100000000
10000011000000000000010000000000