00000000000000000000000000000000
00000000010000000000000001110111
01000010000000000100110110000110
10011010000011001011001000000000
11011100010001000010000000010000
00001101001000000111000001000001
00000000000100000100000100000100
10010000010000000010000000000000
00000000000000000000000000000000
00000000000000100000000000011011
11101001000100000010000010100110
00000011010001011010011000000000
00010011001110010010010011010001
01100000001000000001000100000001
00100000000000000000100100000100
00010000010000010010000000000000
00010000000000001000000100000000
00000000000000000000000000001110
10000001000000000100010100110100
11011010011010001001001000000000
01001010000010001010011011010001
01001000000001000001101001000000
00100000000100100100100100100000
10000010010000010010010000000000
00000001000000000000000000000000
00001000000000000000000000000111
00100101000000000001110010110000
00001010010011010001010000000000
11001011001001011010001010001010
00000100000000011001000001001000
00100000000100100100100000000100
10000001010000000010010000000000
00010001000000000000000000000000
00000000000100000000000000000011
11010111000010000000000110010000
10001011011011010010011000000000
10000000010000001010010011010011
01101001000001001000001000001001
00000100000100000000100100100000
11110000000000010010010000000000
00000000000000010000000000000000
00000000000000000000000010000001
01001101000001000000101110100110
00000010000001010011000000000000
01011011000011010011010011010000
01101100000000001000001000000001
00100100100100000100100100100100
10000010000010010010010000000000
00000000000000000000000000000000
00000000000000000000000001100001
10011011010000000000000000110010
01011010011000010000011000000000
00010001001011011010011010001010
01101001001001001000000000000000
00000100000000100000000000000101
00000010010000010010000000000000
01000000000000000000000000001000
00000000000000000000000000000001
00001111001000100000000110000100
00011000010011000011001000000000
00010010001011000011000011000011
01001000000100000001000000000000
00000100100100100000000100000100
10010010010010001000010000000000
00000000100000000100000000000000
00000000000000000000000000000000
00101111000000000000000100100100
00011010000010010011111000000000
10011010010010010000011011010010
10101101001000001000001001000001
00100000000000000110000100100000
10011010010010010010010000000000
00000000000000000000000000000000
00000000000000000000000000000000
00100001011000000000000000100010
01010000011010000000001000000000
01000010010010010010010011011010
00000000100001001000001000011000
00100100100000100000100000100000
00000010000010010010010000000000
00000000000000000000000010000000
00000000000000000000000000000000
00000011001000000000000000100100
00010011000001010000011000000000
10010011000010000000011010011010
00000000001001000001001000001000
00000001100000000000000000100000
10000010010000010010010000000000
00000000000001010000000000000000
00000000000000000000000000000000
00000101111000000100000000100010
10000000001011000011011000000000
10011011011010001011010000000000
00000000000100001000000000000010
00100100000100000100000100100101
00010010000010010010010000000000
00000000100000000000000000000000
00000000000000010000000000000000
00000101011010100000100000000100
10000001000010010000000000000000
01011001011010010010010000010100
00001000000000000001000000000001
00000000100000100100000000000000
00010010010010010000010000000000
00000000000000000000000000000000
00000000000000000000000000000000
00000000111000000000000100000000
00010011011010011001010000000000
10010011000010010010001011110000
00000000000000000000000001000000
00101100100000100000100100000100
00000010010000010010010000000000
00000000000000000000000000100000
00000000000000000000001000000010
00010000111001000100000000000000
01010010011000010110001000000000
10010000000010000000110111100000
00000000000001100001001001000001
00100100000100100100100100100000
00000000010000000010010000000000
00000000000000000000000000000000
00000000000000000000000000000000
00000000000110100000000000000000
01010010010001010011010000000000
01001010011000111111111111000010
00000000000000000000001000000000
00000100000100000000000000100000
10010001010000000010010000000000
00001000000000000000000010000000
00000000000000000000000000000000
00000000010101000000000000000000
01111000000011011000010000000000
00010001000100100101111100000000
00001001000001000000000000001000
00100000100000100000000000000100
00000000010000010010000000000000
00000000000000000000000000000000
00000000000000000000000000000000
00000000000011110000000000000000
00001011011010010001000100000000
00110100011110010111000000000000
00000000000000010000000000001000
00000100100100100000100100000100
00010000000010000010010000000000
00000000000000000000000000000000
00001000000000000000000000000000
00000000000101101000010100000000
00011111001101001101111100000000
00100111111001110000000000001000
00000001000000001010000001000011
00100000100000100110100101000100
00010000000000000010010000000000
00000000000000000000000000000000
00000000000000000000000000000000
00000000000000001000000000000000
00001100100010100001001100000000
00100100100100000000000000000000
00011000001000001000001000001000
11100100000100100100100100000000
10000010000000010000000000000000
00001000000000000000000000000000
00000000000000000000000000000000
00000000000000011000000000000000
00000001110001101100100100000000
10101100000000000000000000000000
00000000000001001000000001000111
00011010000000000100000000000000
00010000010000000010010000000000
00000000000000000000000000000000
00000000000000000000000000000000
00000000000000001100000000010000
00000011001110101000001000000000
00000000000000000000000001000000
00000000000100000001001010101100
00100100110101110100000100000100
00000010010000100000000000000000
00000000000100000000000000000000
00000000000000101000000000000000
00000100000000000100000000000010
00000011001100111111110000000000
00000000000000000000000000000000
00000000000000000010100101100001
11011110001100001111111101000110
10010010000000000000000000000000
00000000000000000000000000000000
00001000000000000000000000000000
00000000000000001000000000100000
00000000101110100100000000000000
00000000000000000000000000000000
00000000000000011101101110011100
00111110011111001101101000100000
00000000000000000000000000000000
00000000000000000000000000000000
00000000000000000000000000000000
00000000000000000001000000000000
00000000100000000000000000000000
00000000000000010000000000000000
00000000000000001111010110000000
00100000000111010110011000000100
00000010000000000000000000000000
00000000000000000000000000010000
00000000000000000000000000000000
00000000000000000001000000000000
00000000000000000000000000000000
00000000000000000000000000000000
00000000000000001000101001000100
10010100111110010111011100000000
00000010000010000010000000000000
00000000000000000000000000000000
00000000000000000000000000000000
00000000000000000000000000000100
00000000000000000000000000000000
00000000000000000100000000000000
00000000000000001001110100000000
00000011100010100111001100000000
00000000000000010000000000000000
00000000000000000000000000000000
00000000000000100000000000000000
00000000000000000000000000000000
00000000000000000000000000000000
00000000000000000000010001000000
00000000000000000000101000000001
00110011110110000111000110100000
00000000000000000000000000000000
00000000000000000000000000000000
00000000000000000000000000000000
00001000000000100000000011100000
00000000000000000000000000000000
00000000000000000000001000000000
00000010000000000000100001001100
00100100000111001100100000111010
10001000010000000010001000000000
00000000000000000000000000000000
00000000000100000000000000000000
00000000000010000000000000000001
00000000000000000000000000000000
00000000001000010000110000000000
00000000000000000000101000000010
10100010010011100001100000100110
00011000000000000000000000000000
00000000000000000000000000000000
00000000000000000000000000000000
00000000000000000000000000000000
00000000000000000000000000000000
00000000000000000000000000000000
00000000000000000000100000000100
10000100110101000110000100111100
00000010100000000000000000000000
00000000000000000000000000000000
01000000000000000000000000000000
00000000000000000000000000100000
00000000000000000000000000000000
00000000000000000000000000000000
00000000000000000000001100000011
10110100101110011001101100000110
01000001001000000000000000000000
00000000000000000000000000000000
00000000000010000000000000000000
00000000010000000000000000100000
00000000000000000000000000000000
00000000000001000000000000000000
00000000000000000000000000110001
10010101000000110100100001000010
00001000001010000000000000000000
00000000000000000000000000000000
00000000000000000000000100000000
01000000000000000000000100000000
00000000000000000000000000000000
00000000000000000000010000010000
00000000000000001000010000000111
00111000000000010100111100000000
00000001000000000100000000000000
00000000000000000000000000000000
00000000000000000000000000000000
00100000000000000100010000000000
00000000000000000000000000000000
00010000000000000000000000000000
10000000100000001100100000000001
11100100101000100000011000000000
11111100010010101000010000000000
00000000000000000000000000000000
00000000010000000000000010000000
00000000000000000000000100000000
00000000000000000000000000000000
00000000010000000000000000000000
00000010100000010000000100101010
11100000010001110000111000010000
11110010110000000010011100000000
01000000000000000000000000000000
00000000000000000000000000000000
00100000000000000000000000000000
00000000000000000000000000000000
00000100000000000000000000001000
10100000000000000000000100111010
00010000001000011000000000000010
11110001100001000000011100000000
00000000000000000000000000000000
00010000000000000000000000000000
00000000000000000000000000001110
00000000000000001000010000000000
00000000000000000000000001000000
00000000000000100000001111000100
00001001100001000111000100001001
01000000000010010010000000000000
00000000000000000000000000000000
00000000000000000000000000000000
00000000000000000000000000000101
10001000000000001000000000000000
00000000000010000000010000001110
10000001000000001011110101110000
01000110000000000111000000010000
10000000001000000000010000000000
00000000000000000000000000000000
00000000000000000000000000001000
00000000000000000000000000000000
00000000000000000000000000000000
00000000000010000000000010001000
00000000100001000111000000000000
00000000000000010100000001000000
00000000000000000010001000000000
00000000000000000000000000000000
00000000000000000000000000000000
00000000000000000000000000010001
10001000000000000010000000000000
00000000000001000010001000000011
01000100101011110000001010001001
00000000000000100000000000000000
10010000000000000000000000000000
00000000000000000000000000000000
00000000010000000001000000000000
00000000000000000000000000100010
00010000000000010000011000000000
00000001101100010001110000000000
00010000001100001000001110100001
00000000000100100000000000000010
00000000000000010000100000000000
00010000000000000000000000000000
00000000000000000000000000000000
00000000000000000100000100000100
11100000000000000000010000000000
11000010000001000011000010000000
00100000000000000101100111110001
01010100000100010000100010100000
10000000000000000000000000000000
00000000000000000000000000000010
00000000100000100000000000000000
00000000000000000001000000100100
00011000000000000000000000000000
11011001000001011110001100000000
00001010100000001001101100111100
00000000010010111000000100000000
01000000000001000000000000000000
00000000000000000000000000000000
00000000000000000000000000000000
00000000000000000000000010000100
00001000000000000000000000000000
01010001011010010000010000001000
01101101001000100000001000111000
00000010000111011100000001010010
10001100000000000101001000000000
00000000000000000000000000000000
00000000000000000000000000000000
00000000000000000000000000100110
00110000000000000000000000000000
00100010001000001000000000000000
01110000100001000101100110000000
00010111111000111000010111100011
01111111110110111111010100000000
00000000000000000000000000000000
00000000000000000000000000000000
00000000000000000000000000000000
00010001000000000000000000000000
00000000000110000011010111000111
10100010011110011110111111111011
11011001111111011111101111111111
11111011111111101111111100000000
00100000000001000000000000000000
00000000000000000000000000000000
00000010000000000000000000001100
00000000000000000000000000000000
00011101011111101101011111111010
11111111111111111111111111111111
11111111111111111111111111111111
11111111111111111111111100000000
00000000000000000000000000000000
00000000000000000000000000000000
00000000000000000000000000010000
00011100000000000000000000000000
00011111111111111111111111111111
11111111111111111111111111111111
11111111111111111111111111111111
11111111111111111111111100000000
00000000000000000000000000000000
00000000000000000000100000000000
00000000000000000100000000000000
11010000000000000000000000000000
00001011111111111111111111111111
11111111111111111011111111111111
11111111111111101111111110111101
10111110100001100110000100000000
00000000000000000000000001000000
00101000000001000000000000000000
00000000000000000000000000000000
10010001000000000000000000000000
00001011111111111111111111111111
11111111111011101101100111001001
00111000101100001000100000000000
00000000000100000000000000000000
00000000000000000000000000000010
00000000000000000000000000000000
00000000000000000000000000000000
00000001000000000000010000000000
00010000000010000000000100100010
00000000001000001000000000000000
00010000101000000000000100000000
00000000000000000000000000000000
00000000000000000000000000000000
00000000000000000000000000000000
00000000000000000000000000000000
00000000000000000000000000000000
00000000000000000000000000000000
00010000100000000000000000000010
10010100011000000000000000010000
10001000000000000000000000000000
00000000000000000000000000000000
00100000000100000000100000010000
00000000000000000000000000000000
10000001000000000000000000000000
00000000000001000010000000000000
00000000000000000000010000000000
00000010111000000000000000000000
00000000000000000100000000000000
00000000000000000100000000000000
00000000000000100000000000000000
00000000000000000000000000000000
00110000000000000000000000000000
00000000010000000000000000000000
00000000000000000000000000000001
11000001000000000010000000100000
00000000000000000001000000000000
00000000000000000000000000000000
00010000000000000000000000000000
00000000000000000000000000000000
00000000000000000000000000000000
00000000010000000000000111101000
10000000010001000000000000001000
01000111000000010100000001100000
00000000000000000010000000000000
00000000000000000000000000000000
00000000001000000000000000000000
00000000000000000000100000000000
00100000000000000000000000000000
10000000000000000000011110100000
01001000001000000000100001001111
00000100000010001000000010000001
00010010001000010000001100000000
00000000000000000000001000000000
00000000000000000000000000000000
00000000000000000000000001000000
00000010000000000000000000000000
00000000001100010000000101111011
01100101001100000100001011100101
00001001000000000110000100100100
10101000000000000001000000000000
00000000010000000000000000000000
00000000000000000000000000000000
00000000000000000000000000000000
00010010000000000000000000000000
00000000010010000000000010000000
00001000000100000111001001101010
00111000010000111000101000100000
00000011000010000000011000000000
00000000000000000000000000000000
00000000000000000000000000000000
00000000000000000000000000000000
00000010000000000000000000000000
00000010000000001000000000011000
00000101100100011101110100000010
00101000000100000000000101000000
00011000000100010000000000000000
