11101011011001001110001011010001
00101100000101000000100011100000
10010011000110001010000010010100
01001001100001100100101100000000
00000100101101100100101101100101
10110011010110010110010010011001
00100000100000100100000100100100
00010010010010000010010000000000
01101010000010011010001101011110
00100101011111101111001100000101
10010010011100000010000110000010
00010000010000001101100100000000
00101100101100101100100101000100
10010110010010010010011110001001
00101100000000100100000100100100
10010010010010011010010000000000
10011001010001010001000011001011
00100011100001010100100000100011
10101010010000000000000000010010
01001001001110000101000100000000
00100101111101100110101101101000
10010110110100000110010000000001
10100000100100000000100100101100
11010010010110010000110000000000
01001001110011101111001011001000
00100000001100101000101110000101
00011110100110110100001110000000
01000011001001000000101100000000
00101100100100100000110100101101
10010010010000011010100010010000
00100100100100100100101100100100
10010010000010010010000000000000
00010000000000000001010001011100
00001100100000000000001000000000
01000000010001110010010000000010
01001000000000011001101000000000
00101011100100110110110101100100
00110010010110000100110000000001
01001100011100100100100100000100
10000010110010000010010000000000
00001001001000011011101011101001
01110000000000000001000000001000
00010000000000000010000010000010
00000001001010000000100100000000
01110100100100001100101100101101
10010110001010000000000000000101
00000000010001000111000100100100
10010010010010000110010000000000
01001001010110001001001001011000
00100001000000000000000000000000
00000000000000000000000001000100
00000000011000001100000100000000
00101110101100100001100100100100
00100010110000000110000010000000
00000000000010000000000000110100
10010010010010110010010000000000
00011000011001010000001000000000
00001000000000000000000100000000
00001000000000000000000000000001
00000001010100000001001000000000
00101000100100101100100100000001
00000000100100000000000110000010
01000001001000000000000000000110
00010010010010000000010000000000
01010010000011001011000100000000
00000001000000000000000000000010
00100000000000000001000000000000
00000000000000000010110000000000
00101100100100101100000000000100
00000100010010100010000001000000
00000000000000000000001100000001
00010010010000010010001000000000
00001001001000010000001010000000
00000000000000000000000000000000
01000000000000000000010000000000
10000000000001001000000000000000
00101100100100100000000100000011
00010001100100010100010000010000
00010001000000000000000010001000
01000010000010011010010000000000
00001000011001101001000000000001
10000000000000000000000001000000
00000000000000000000000000000000
00000000101000000010000000000000
00100100000100100000000000000000
10100000010000000110000000100000
00000000000010000000000000000010
00010000001010010010010000000000
01010001001000001000000000000000
01000000000000000000000000100000
00000000000000000000000000000000
10000000000111001000000000000000
11100100101100000000000101100100
10100100000010000000000010000000
00000000000010000000000000111000
00100000000010010010100000000000
10001010001000000000000000000000
00000000000000000000000000001000
00000000000000000000010000000000
00010000010000001000000100000000
00100100111100001000000000000011
10110010000100000000010000010000
00000000000000010000000000000100
00000000000000010000010000000000
00011000001011001000000000100000
00000000000000000000000000000000
00000000000000000000101000000000
00000000010000001000000000000000
01000100000000100000000000000001
00011100100010000000000100000100
00000000000000000000000000000000
10000000000010010010010100000000
10000000110000000000000000000000
00000000000000000000001000000000
00000000010000000010000100000000
10000001000000000010001000000000
00000001000001000000000000011000
00000110001100100100010000000001
00010000000000000100001000000010
00000000010000010010010000000000
01000001010001000100000000000010
00000000000000010000000000000100
00000010000000000000100100000101
01000010000010100000001000000000
00000000100001000010001100000010
10110000000000000001010000111100
00000110000010000000000000000000
00000000000110001010011000000000
01001100011000000000010010000000
00000000000000000000000000000000
00000000000000000100000010000000
00000000000000000000001000000000
00000000001000001100000100001000
00000110100010000100000100001000
00000000010000000000000100000000
00000010000000000011010000000000
01000000001001000000100000010000
00000000000000000000000000000000
00000000000000000000000000001000
00010000000010000000000000000000
00001010000001000010000000000100
01100000000100000010001010000100
00000000000000000000000000000000
00000000000000000010110000000000
00001000001000001000000000000000
00000000000000000000010000000000
00010000100000000000010000010000
00000000000000000000011000000000
00000000001010000000001000000000
00010000000000000100000100000100
00100001000000000000000000000000
10000000001000000001110000000000
10000000000011000000000000000001
00000000000000000000000010000000
00000000000000000000000000000100
00100000011000000000000000000000
00000000100001000000000000000101
01000000001010000001000000100000
00010000011000100000000000000000
00001000000000000001011000000000
10101001000000001000000010000000
00000010001000000000000000100000
00000000000000000010001000000000
00000000010000000000000000000000
00001000000000000000010010010001
00000000000100100000000100010010
00001000000000000000110000010000
00000100000010000000010100000000
10010000001001000000000000000001
00000000000000000000001000000000
00000000000000001000000100000000
00000000000010000000000000000000
00000001000000000000001000000010
00000000100000010100000000100010
00000000010000000000000010000010
01010000001000010001000100000000
01001001001001000000000000000000
00000000000000000000000000000000
00000000000000000000000000000000
00010001000000000000000000000000
00000011010000001001000000000001
00000001000000100000110100000000
00000000001000000000100010000000
00000000111000000000111000000000
00010001100100001000011000000001
00000000000000000000001100000000
10000000000000010000100010000101
00000000000010000000000000000000
10000000000000000000000000000000
00000000000000001000000000000001
10000010000000000000000000000000
00000001001000000000011100000000
01000011000000010000000000000001
00000000000000000001010000000001
00000000100000000100000100000000
00000001000000000010010000000000
00001000000000000000001000000000
00000000000000000001000100000000
00000000000000000000000000010000
00000000000000000010100000000000
11001001001100000000000000000000
00010000000000100000000001001000
10010000000100000000100000110000
00000000000000000000001000000000
00001000000000000000000010000000
00000000000100000000000000000001
10001000000010000100000000001000
00001000000000000000000000000000
11001010010111001000000000000000
00000000010000000000000010100001
00001000000000010000000000100000
00000000000010000010000000000000
00000000000000000000000001001000
00000000000000000000000000000000
00000000000000000000000000100000
00000000011010000000000000000000
00000000011001000011000000000000
00000000000000000000010000000000
00100000100000000000000000000100
00000000000000000000000000000000
00001010000000001000000000001000
00000000000000001100000000000000
00000100000100000000000000000010
00000000000000000000000100000000
00001000001000010001000000000000
00000000000000000000000000000000
00100000100010000100000100000010
00000000000000000000010000000000
00000000000000000000000000000001
00000000000000000000000100000101
10000000000000000000000000000000
01000010000000000101000000000000
01000000010001001011000000000001
00000000000000000000000001000001
10000000100000000000000100000000
00100000000000010000000000000000
10000000001000000001000000000001
00000100000000000000000100000000
00000000000000000010000000001100
00000000001000100000111100000000
01011010001011111010110100000000
00000000000000000000000000000100
00000000000000000000000000000000
00000010000100000000000000000000
00011010000000000000000000000000
00000000100000000000000000100000
00010010000000000000010000000000
00000010010000000000110100000000
10111000001000010101000000000000
00100000000000000001000000001000
00000000000000000010000101000000
00000010000000000010000000000000
00010000001000000000000000000001
00000000000000000000100000000000
00000000000000000010000000010000
10000000000000000001100100000000
11010000000010000010001000001000
00000000000000001000001000000000
00000100000000000000000000000000
00000000000000000000001000000000
00011000000000001000000000000001
00000000000000000000000000100000
00100010000000010000000000000000
00000000000000000000100000000000
11000111010101110100010000000000
00000100000110000000010100000000
00000010000000000000000000000000
00000000000000000000000000000000
00000000000000000000000000000000
00000100000000000000000000000000
00000000010000000000000000000000
00000010100000000100101000000000
10111011110001010000010001100000
00000000000000100000000000000000
00100100000000100000000000100000
00000000000010000000010000000000
01000000000000000000000000000000
00100000000100000100000000000000
00000000000000010000000010000000
10000000000001100000100000000000
11010110110011000101010010010000
00001000000001100000000000000010
00000000100000000000100000000000
00000000000000000000000000000000
01000011000000000000001000000001
00000000000000000000000000000000
00000000000000000000000000000010
00110001000100010100110100000000
01110010110010000010011011110000
00000000000000001000000000000000
00000010001000000100000101000010
00011000000010000010001000000000
11001000000001000010001010000000
00100000100000000000000000100000
00000000010000000000001000000000
00000000010000100100101100000000
11100000111110110000100010100000
00000000000000000000100010000000
00001000100000000000000000000000
00000000000000000001000000000000
01010001000000000000000001000001
01000000000000000010000000000000
00000000000000000000000000000000
00000000000100001100100100000000
00111011111110011011001100100000
00000000000000000000000000000001
00000000000000000000000000010001
00000000000000000000001000000000
00000001000000000000001000000000
00000000000000000000000000000000
00000000000000000010000000000010
00000000001100010100110100000000
11000110111001000011111101111000
01000000001000000000000000001000
00000100000000000000000000000000
00000010000000010000000000000000
10011000000000000000000000001001
00000000010000000000001000000000
00000000100010000000000000000010
00000101100100100101000100000000
11111011000011000000011111111110
00000101000000001000001000000000
00000000010000000000000000000000
00000100000000000010000000000000
00000010000000000000000000000000
00001000000100000000000000000000
00000000000100000000000000000001
00101010000010101110100100000000
00011100011100101100000011101111
10110000000000000000100000000000
00000010000000100000000000100000
00000000000000000011000000000000
10000000010000000000000001000001
00100000000000000000000000000000
00000100000000000000010000000000
00000000000001001000101100000000
10011001110010000000000000001111
11111111010000000000000100000000
00000000100000000000100000000000
00000000000000000000011000000000
01000011000010000010000000000000
00000000000000000000000000000001
00000000000000000000000100000000
00000010000100010010001000000000
01110111000101000000000000010111
10111111111101000000000000000010
00000000000000000000000000000000
00000000000001000010001000000000
00011000000010000000000000000010
00100000000000000000000100000000
00000010000000100000000000100000
10010000000010000000010000000000
01001010101000000010000000000001
11111111110111110000001001000000
01000000000000010000000000000000
00000000000000100000000000000000
11000011011000011000010010001100
00000010000001000000000000000100
00000100110100000100000000100000
00000100010000000001000000000000
00000000001100000000000001000000
01011111011110011111000010000001
00000000010000000000000000000000
10000000000000000010011000000000
00000010000000010010000000001001
00001000000000000000000000000000
00101000000000000100000000000000
10010010000000010010000000000000
00000000000000000000000000000000
00101111010011110111111010000000
00000000000000000000000000000000
00010000001000010000011000000000
00000010010000001000010001000000
00100001000000100000000000000001
00110100000100000010100000101000
00100000010010000000010000000000
00000000100000000000000000001000
00000111111111111010011010001000
00000100000000000000000110110010
01011001010011000001010000000000
00011000001000000011000000010011
00001100001111000000000010100000
00100100100000000000100000100010
10000000000010010000000000000000
00000000000000000010000000000000
00000000110110101100111111110110
00000000000100100010100110100100
11000011001000010000001000000000
01011000000001000000011111001000
00000000000010000010000101000010
00100110100010010101100000110000
00010000010000100010000000000000
00000000000000000000000000000000
00000000101111110111011110111111
00000000000010000100111000100010
11011011001001011000111000000000
11010010000011010011010000000010
01101000000001001000100000001001
00000100000000110100000000100000
00000010000000010100010000000000
00000000000000000000000001000000
00000000001011110010110100110010
11110000000100000000101010000111
00001010001011010010000000000000
00000000010000000001011010001010
00000000010000111000001001000001
00000000000000000000110001100110
00010000000000000000010000000000
00100000000000000000000000000000
00000000000001010111011010101100
01111000000010100110100010110110
10000011000011011001001000000000
10010011010001010010001001001011
00101100000000001000000001000000
00100100000100100000000000100000
10000010010010000000010000000000
00000000000000000000000000000000
00000000010000110011010111111100
10011101011110000100110000110110
10010000001000000001011000000000
00011010001001010000011000011000
01000000000100001000001001000001
00000000100100000000100000000100
00010000000000000010000000000000
00000001000000000000000000000000
00000001000000001011110110010011
11111111001000010100010110000100
10011000011001110010000000000000
11000001010000001001000010010010
01001000100000000100000001000001
00000000000100000100000001000101
00010000010000000111000000000000
00000000000000000000000000000000
00000010000000010111011111111011
01111111010100110000000100010100
11010011010001011001000000000000
10000000010010010011011011010010
01001100101001001001000000001000
00100000110100100000100000000100
00010011000000000000010000000000
00000000000000000000000000000000
00000000000000000001011011111101
11100001000110010100110000110010
10001111000011000001011000000000
00010010011011011000010000010010
01100001001000000001001000100010
00100100100000100000000100100000
00000000000010000000010000000000
00000000000000000000000000000000
00000000000000100000001110110011
11001111000001110100100110000110
11010011001011001000010100000000
11010010011011001001011011010000
00001100001100000011000000000001
00100100100100001000000110000100
10010100000010000010000000000000
00000000001000000000000000000000
00000000000000000000010110111111
11111100000100000110110100100010
10001000011010011010000000000000
00110000010010001010001001000001
01000000001001000000000001000000
01000000010010000100100000100100
00100010010010000000000100000000
00000000000000000000000000000000
00000000000000000000001111010110
01011101001000000100010000100100
01010100010010011010010000000000
11001011010011000001011010011010
01101001010001001101001000101001
01100100100100100100001100000100
00010100000000010010010000000000
00000000000000010000000000000000
00000000000000000000000001010011
10101000000000010000000110000100
11011010011011011010010000000000
01000001010010010000001011000010
01000001001000000000001000000000
00000100000100010000100000000100
00000011000010000010010000000000
