10110010010010010010010010010010
01001001001001111111111111111111
11111111111111111111111111111111
11111111111111111111111100000000
11111111110101111111111111111111
11111111111111111101111111111111
11111111111111111111111111111111
11111111111111111111111100000000
10010010010010010111010010010010
01001001001011111111111111110111
11111111111101111111111111111111
11111111110111111111111100000000
10111111111111111111111111111011
11111111111110111111011111111111
11111111111111111111111111111111
11111110111111111111111100000000
10000010010010010010010010010010
01000001001001111111111111111111
11101111111101111111111111111111
11111111111111111111110100000000
11111111111111111111111111111111
10111111111111111111111111111111
11111111111111111111111111111111
11111111111111111111111100000000
00010000010010010010010011010010
00001001001001001111111111111111
11111111111110111111111111111111
11111100111111111111111100000000
11111111111111111110111111111111
11111111111111111111111111111111
11111111111111111111111111111110
11111101111110111111111100000000
10010010010010010010011010010010
11001001001001000111111111111011
11111111111111111111111111101111
11111111111111111111111100000000
11111111111111111111111111111111
11111111111111111111111111011111
11111111111111111110111101111111
11111111111111111111111100000000
10010000010010010010010010010000
01001001001001011111111111111111
01111111111101111111111111111111
11111111111111111111111100000000
11111111111111111111111111111111
11111011111011111111111111111111
11111111111111111111111111101111
11111111111111111111111100000000
11010010010010000010000010010010
01001001001001111111111111111111
11111111111011111111111111101111
11111111111111111111111100000000
11111111111111111111111111111111
11111111111111111111111111111111
11111111111111111111111111111101
11111111111111111111111100000000
10011010010010010010010010110010
01001001001111111111111111111111
11111111111111111111111110111111
11111111111111111111111100000000
11011111101111111111111111111111
11011111111111111111111111111111
11111111111111111111111111111111
11111111111111111100111100000000
10010010010010110010010010010000
01001001001111111111111101111111
11111111111111111111111111011111
11111111111111111111111100000000
10111101111111111111111111111111
11111111111111111011111111011111
11111111111111111111111101111111
11110111110111111111111100000000
10010010000010011010110000011010
01001001101011111111111111111111
11111111111111111111111111111111
11111111111111111111111100000000
11111111111110111111111111111111
11111101111111011111111111111111
11111111111111111111101111111111
11111111111111111111010100000000
00010010010011110010010011000010
01001000101111111111011111111111
01011111111111111111111111111111
11111111111111111111111100000000
11111111111111111111111111111111
11111111011011111111111111111111
11111111111111101111111111111111
11111111111111111111111100000000
10010010010010010010010010010010
01001001001111111111111011111111
11110111111111111111111111111111
11111111111111111111101100000000
01111111111111111111101111111111
11111110111111111111111111111111
11111111111111111111111111111011
11111111111111111111111100000000
10010010100010010011010110010010
01001001001111111111111111111011
11111111111011111111111111111111
11111111111111111111111100000000
11111111111110111111111111111111
11111111111111111111111111111110
11111111111111111111111111111111
11111111111111111111101100000000
10010010000110010010010010010110
01101000101111111111111111111111
11111111111111111101111111111011
11111111111011000111111100000000
10111111011101111111101111111111
11111111111111111111111111111111
11110111111111111111111111111111
11110111111111111111111100000000
00010010010010010010010011010011
10101001111111111111111111110111
11111101111111111111111111111111
11111110011101111111100100000000
01100111101011111111111111111000
11101111011111111111111111111111
11111101111111111111111111111111
11111111111111111111111100000000
10110010010010010010010010010110
01001111111111111111111111111111
11111111111111111111111111111111
11111111111101101111100000000000
10000000000011001010110000011001
11111111111111111111111101111111
11111011110111111111111111111101
11111111111111111111111100000000
00010010010010010010010010000010
11101111111111111111110111111111
11111111111111111111111111111111
11111111100101110111110000000000
00000100000000000000000001000000
00010011111111011111111111111101
11111111111111111111101111111111
11111111111111111111111100000000
10010000110010010010010010000000
01111111011111111111111111001111
01111111111111111111111011111111
10111100001001000001010000000000
00000000001000000010000000010100
01101011111111011111111111111111
11111111111111111111111111111111
11111111111111110111111100000000
10000110000010010010000011010010
11111111111010111011111101110111
11111111111111111111101111111101
11100010000000000000000000000000
00100010000000000000000000011000
00101101010001111111111011111111
11111111011111111111111111111111
11111111111111111011111100000000
10010010010010010010110010010111
10011011011011000011100001011000
11111111111111101011111011111111
11000010000000000000000000000000
00000000000000000000000000000000
00000100010101001111101010101111
01111111111111111111111111111111
11111111111111111111111100000000
10010010010010010010010011011000
11001000100001111011100000000001
11111111111111111011111111101011
00000000000000000000000000000000
00100010000000000010000000000000
00000001000000000000000101110110
10111111011111111111111111111111
10111111111111111111111100000000
10010010110010000010010010010100
11101011000111011000100110110010
00101100000110110101000010000110
10000001000010000000000000000000
00000010000000000000000000000010
00001000000000100000000001101111
11111101101111111111111011111111
11110111110111111111111100000000
00010010000000010010111010000000
10010000101010101111001001111100
01001011100000001110100100100000
00000010000000000000000000000000
00000000000000000010000000000000
00001010000000010001000000001001
01111011110101101011110111111111
01111110101111011111111100000000
10010010010010011101111101101101
11110111111110001101000100110001
10100001000111001100110000100001
00000000000000010000100000000000
00001000000000000000000100000000
01000000000000000001000000000001
10101100101011101111011010011010
10101111111111111111111100000000
10010011011010110000100010110101
10011111010111111011111111010100
00101000111000001001001100001000
01000010010000000000000000000000
00000000000000010000000001000000
00000000000000000000000000000001
01011101111011110110111101111111
11111111111111111111111000000000
10010000000010000100100010001100
11000110000010110111010110011011
11101101000101010011110100111100
00001000110010000000010000000000
00000000000000000000000000000000
00000001000001000000000000000001
10011011100101011101100111111011
01110011100011111111111100000000
10000100100100100001101101110110
00111010110010011010000011010111
11111110001100000010000101000001
00100010001000000000100000000000
00000000000000000010000000000001
00010000000000000000000100010000
00000101011100101011101010001111
00110010011111111111111100000000
00011000001110000101100111101000
10010010110010110011110010111010
00110011101111010101000000000101
10111011111100101000000000000000
00000000000000000000000000000000
00000000000000000000000000000000
00000000010111111111101111111111
01011110001111111111111100000000
00100100000100000100101100100101
10011110101010010010110110110000
01011001001111111100101111111001
01010000110100010000000000000000
00000000000000000000000000000000
00000000000000000000000000000000
00000000000000011111111000011111
11111110111111111111111100000000
00101110001101101101000100101100
11111010010111010000110010010011
01001111101010001110100001110001
10110111111000100000001000000000
00000000000000011000010000000000
01000001000000000000000000001010
00000000001100100110101010111111
11000111111111111111110100000000
00101111100100110100100110000100
10110110101010010111010101110010
01001010001001011111111000100000
11000111100010000110100000000000
10000000000000000000000000011000
00000000000000000000000011000000
00000000000000101111111101110101
10111100111111111111111100000000
00100100111100000110101101100101
10010010110110010110110010011010
01001001011001010101011111101011
00101001110100000000000000000000
00000000000000000000000000000000
00000000000000000000000000000000
00000000010000010111111011111110
01101111010111111111111100000000
00100100101101100111100100110101
10110111110010010000000010110010
01001011001011001001001111000000
10110100010010000000000000000000
00000000000000000000000000000000
00000000000000000000000010001000
00000000000100111101001111001101
10100101111111111111111100000000
11100011100101100100101100100101
10110100010110010010010110010010
01111011110011001001010101010000
00010010100110011000000000000000
01000000000000000100000000000000
00000000000000000000000000000000
00000100000000000110110110011111
01110110111111111111111100000000
00100100101110100101100111101100
10101010100111010100110010100010
01010001000101010001101001011000
00000000100110000000100000000000
00000000000000000000000001000000
00000010000000000001000000100000
00000000000000000110101001101111
10111011101111111111111100000000
00100011100100101101101001100100
10010011010110010010110100110010
11001001001001011001011001000101
00000010000000010010000000000000
00000000010000000000001000000000
00000000000000000000010000000000
00000101000000000001000111111100
00011111111101111110111100000000
00100100100101100011101100101101
10010110110100011110010011010110
11001011001011001010011001010100
01010000000000010010000000000000
00000010000000000000000000000000
00000001100000000000000010000000
00000000100000010101110000111001
11101110111111111111111100000000
00001000101100100100110100100111
10111010110110010010110110111000
11101000101011011101001111100010
00000000000000110000010000000000
00000000001100000000100000000000
00000000000000000000000000000000
00100100000000000111000000101100
00111011100111111111111100000000
00111000110101110100101101101101
10010111010100011110010110100110
00001001001001011000111110001101
00110000001010000110000000000000
00000000000000000000000000001000
00000000010000000000000000000000
00000110100000111010000110011001
11111001111111111111111100000000
10101100100100100111000111110100
11110011010010110010110011010010
01111111011000111100100000010101
00100010000101100000000000000000
00000010000000000000000000000000
00000000000000000000000001000000
00000000000000000000010100000111
00111100011111111111111100000000
00101100100101100101101101100101
10110010011110010010010110010111
01010001101000110111000010001101
01101010010000000010100000000000
00001000000000000000000000000000
00000001000000000000000000000000
00000000100000000100100000111010
11111110101111111111111100000000
01100101111100100101101101101101
10010110110110001010011010100110
11011011011011000000000000010111
10010010010000000010000000000000
00000000000000000000000000000000
00000000000000000000000000000000
00000000000000100110000101100111
11011110101111111111111100000000
10000000101101100101011100100100
10110111010010010110100110010010
10101011001001010000000000000110
00011110010000000000000000000000
00000000000000000011000000000000
00000000000000000000000000000000
00000000000000100000110100101110
11111110110111111110111100000000
10100000000100101111100101101100
10000010010110010110011110110111
01011001011111001011000010001100
11011000101000000010000000000000
00000000000000000000010000001000
10000000000000000000000000010000
00000100000000000000100101100101
11110101110111111111111100000000
10010000010001100010100100101101
10011010011011010110100011100011
11001101001011001100100100000000
00000010010000000000000000000000
00000000000000000000000000000000
00000000000000000000000000000000
00000000000000000000100000000110
10111111111111111111111100000000
00100010001010010000001111100100
10011100110110110010110000010110
11000001111001000110000000101000
00000010010000000000000000000000
00000000010001010000000000000000
00000100000000000001000000000001
00000000000000000100110110000100
10011101110110111111111100000000
00000010010010100000010001111101
00111010110010011100110110010010
00001001001011011100001100000000
00100000000000010000000000000000
00000000000000000000000000000000
00000000000000000000000000000000
00000000010000000000000110101111
11111111011111111101111100000000
00011000000011000000000000000101
11110010010010010010010111110010
11111011010011101000100001000000
10000010000000000000000000000000
00000000000000100000000000100000
00000000001000000000000000000000
00000000000000110100100000110100
11101111110111111111111100000000
00000010000010010010000010001010
10100110110110010111110010010010
01001000111001100000000110100101
10000000010000001000000000000000
00000000000000010000000000000000
00000000000000000000000000100000
00000000000001100000010110110110
10110100111111111111111100000000
10010000010000000010000010000000
00110010011010010011010000111010
01001011001000100000010001000010
00010000000000000000000000000000
00000000000000000000100000000000
00000000000000010000000001000000
00000001000000001010000000110110
00101111110111111111111100000000
00010010000010000000000011110010
01101010110010010010100111101110
11001001011011100000101000000000
10100000001000000000010000000000
00000000010000000000000000001001
00000010000000000000000000000000
00100000100000010100110000010100
11111010111111111111111100000000
10010000010010000000000100010000
01000011010010111110010110010010
11011110001000000100100100100100
10000001000000000000000000000000
00000000000000000000000000000000
00000000000000000000000000000000
00000000000001100110000100100111
01011101000011111101111100000000
00000000110000000010000010010000
01001010010001000001100110010010
11010011001110000101101000000100
00000000000000100000000000000000
10000100100000000000000000000000
00000000000010000000000000000000
00000010000000000010100100100110
10011111110001111111111000000000
00010000000000010010010001000010
01000000110011110110010010010010
11011101001101110100001001000000
10100000000000000000000000000000
00101000000000000000000010000000
01100000000000000000000000000000
00000000000110100100110110100101
10111110111111110101011100000000
00010010010000000000000010000001
01001001110010011011110010100100
00111001011010000000000000101000
00000000000010000000000000000000
00000000010000000000000000000000
00000000000000000000000000000000
00000000000100100100110110110110
01011110111111011111111100000000
10000000000011010110010000000000
01000001010110010010010010010111
01001000101001101000000000000110
00010000000000000000010000000000
10000000000000000000000000000000
00000000000000000000000000000000
00000000100000100101110111111110
11011101011111110111111100000000
10010000010000000011000011010010
00001001001110010100100110010100
01001011001001001110011100100000
00000000010000000000000000000000
00000000000000000000000000000000
00000000000000000000000100000000
00000000000000100100100000100100
11110111111111110101110100000000
00010010000000011000010010000000
01000001001010110010110010111010
11001011001111000101100011000100
01000010000101010000000000000000
00000000000000000000000000000000
00000000000000100001000000000000
00000100000000000100001110110110
10111111110111110101111100000000
00010110010000010010000010010010
01000001001110001110010111110010
01011000101010101111011110101000
01100011100111111010001000000000
00000000000000000000000000000000
00000000000000000000000000100000
00000000100100100100100100101010
11111110101010000101001000000000
10010000000010010000010000010000
00001001001110110010010010010010
01000000001101111011110100010001
01110010100110111000000000000000
00000000001000000000000000000000
00000100000000000000000000000000
00000000000000100000100100110110
10010101010110001100101100000000
