111010110110010011100010110100010010110000010100000010001110000010010011000110001010000010010100010010011000011001001011
000001001011011001001011011001011011001101011001011001001001100100100000100000100100000100100100000100100100100000100100
101100100100100100100100100100100100100100100111111111111111111111111111111111111111111111111111111111111111111111111111
111111111101011111111111111111111111111111111111110111111111111111111111111111111111111111111111111111111111111111111111
011010100000100110100011010111100010010101111110111100110000010110010010011100000010000110000010000100000100000011011001
001011001011001011001001010001001001011001001001001001111000100100101100000000100100000100100100100100100100100110100100
100100100100100101110100100100100100100100101111111111111111011111111111111101111111111111111111111111111101111111111111
101111111111111111111111111110111111111111111011111101111111111111111111111111111111111111111111111111101111111111111111
100110010100010100010000110010110010001110000101010010000010001110101010010000000000000000010010010010010011100001010001
001001011111011001101011011010001001011011010000011001000000000110100000100100000000100100101100110100100101100100001100
100000100100100100100100100100100100000100100111111111111111111111101111111101111111111111111111111111111111111111111101
111111111111111111111111111111111011111111111111111111111111111111111111111111111111111111111111111111111111111111111111
010010011100111011110010110010000010000000110010100010111000010100011110100110110100001110000000010000110010010000001011
001011001001001000001101001011011001001001000001101010001001000000100100100100100100101100100100100100100000100100100000
000100000100100100100100110100100000100100100100111111111111111111111111111110111111111111111111111111001111111111111111
111111111111111111101111111111111111111111111111111111111111111111111111111111111111111111111110111111011111101111111111
000100000000000000010100010111000000110010000000000000100000000001000000010001110010010000000010010010000000000110011010
001010111001001101101101011001000011001001011000010011000000000101001100011100100100100100000100100000101100100000100100
100100100100100100100110100100101100100100100100011111111111101111111111111111111111111111101111111111111111111111111111
111111111111111111111111111111111111111111111111111111111101111111111111111111111110111101111111111111111111111111111111
000010010010000110111010111010010111000000000000000100000000100000010000000000000010000010000010000000010010100000001001
011101001001000011001011001011011001011000101000000000000000010100000000010001000111000100100100100100100100100001100100
100100000100100100100100100100000100100100100101111111111111111101111111111101111111111111111111111111111111111111111111
111111111111111111111111111111111111101111101111111111111111111111111111111111111111111111101111111111111111111111111111
010010010101100010010010010110000010000100000000000000000000000000000000000000000000000001000100000000000110000011000001
001011101011001000011001001001000010001011000000011000001000000000000000000010000000000000110100100100100100101100100100
110100100100100000100000100100100100100100100111111111111111111111111111111011111111111111101111111111111111111111111111
111111111111111111111111111111111111111111111111111111111111111111111111111111111111111111111101111111111111111111111111
000110000110010100000010000000000000100000000000000000010000000000001000000000000000000000000001000000010101000000010010
001010001001001011001001000000010000000010010000000000011000001001000001001000000000000000000110000100100100100000000100
100110100100100100100100101100100100100100111111111111111111111111111111111111111111111110111111111111111111111111111111
110111111011111111111111111111111101111111111111111111111111111111111111111111111111111111111111111111111111111111001111
010100100000110010110001000000000000000100000000000000000000001000100000000000000001000000000000000000000000000000101100
001011001001001011000000000001000000010001001010001000000100000000000000000000000000001100000001000100100100000100100010
100100100100101100100100100100000100100100111111111111110111111111111111111111111111111111011111111111111111111111111111
101111011111111111111111111111111111111111111111101111111101111111111111111111111111111101111111111101111101111111111111
000010010010000100000010100000000000000000000000000000000000000001000000000000000000010000000000100000000000010010000000
001011001001001000000001000000110001000110010001010001000001000000010001000000000000000010001000010000100000100110100100
100100100000100110101100000110100100100110101111111111111111111111111111111111111111111111111111111111111111111111111111
111111111111101111111111111111111111110111111101111111111111111111111111111111111111101111111111111111111111111111110101
000010000110011010010000000000011000000000000000000000000100000000000000000000000000000000000000000000001010000000100000
001001000001001000000000000000001010000001000000011000000010000000000000000010000000000000000010000100000010100100100100
000100100100111100100100110000100100100010111111111101111111111101011111111111111111111111111111111111111111111111111111
111111111111111111111111111111111111111101101111111111111111111111111111111111101111111111111111111111111111111111111111
010100010010000010000000000000000100000000000000000000000010000000000000000000000000000000000000100000000001110010000000
111001001011000000000001011001001010010000001000000000001000000000000000000010000000000000111000001000000000100100101000
100100100100100100100100100100100100100100111111111111101111111111110111111111111111111111111111111111111111111111111011
011111111111111111111011111111111111111011111111111111111111111111111111111111111111111111111011111111111111111111111111
100010100010000000000000000000000000000000000000000000000000100000000000000000000000010000000000000100000100000010000001
001001001111000010000000000000111011001000010000000001000001000000000000000000010000000000000100000000000000000100000100
100100101000100100110101100100100100100100111111111111111111101111111111111011111111111111111111111111111111111111111111
111111111111101111111111111111111111111111111111111111111111111011111111111111111111111111111111111111111111111111111011
000110000010110010000000001000000000000000000000000000000000000000000000000000000000101000000000000000000100000010000000
010001000000001000000000000000010001110010001000000000010000010000000000000000000000000000000000100000000000100100100101
100100100001100100100100100101100110100010111111111111111111111111111111111111111101111111111011111111111110110001111111
101111110111011111111011111111111111111111111111111111111111111111110111111111111111111111111111111101111111111111111111
100000001100000000000000000000000000000000000000000000100000000000000000010000000010000100000000100000010000000000100010
000000010000010000000000000110000000011000110010010001000000000100010000000000000100001000000010000000000100000100100100
000100100100100100100100110100111010100111111111111111111111011111111101111111111111111111111111111111100111011111111001
011001111010111111111111111110001110111101111111111111111111111111111101111111111111111111111111111111111111111111111111
010000010100010001000000000000100000000000000001000000000000010000000010000000000000100100000101010000100000101000000010
000000001000010000100011000000101011000000000000000101000011110000000110000010000000000000000000000000000001100010100110
101100100100100100100100100101100100111111111111111111111111111111111111111111111111111111111111111111111111011011111000
100000000000110010101100000110011111111111111111111111110111111111111011110111111111111111111101111111111111111111111111
010011000110000000000100100000000000000000000000000000000000000000000000000000000100000010000000000000000000000000000010
000000000010000011000001000010000000011010001000010000010000100000000000010000000000000100000000000000100000000000110100
000100100100100100100100100000101110111111111111111111011111111111111111111111111111111111111111111111111001011101111100
000001000000000000000000010000000001001111111101111111111111110111111111111111111111101111111111111111111111111111111111
010000000010010000001000000100000000000000000000000000000000000000000000000000000000000000001000000100000000100000000000
000010100000010000100000000001000110000000010000001000101000010000000000000000000000000000000000000000000000000000101100
100100001100100100100100100000000111111101111111111111111100111101111111111111111111111011111111101111000010010000010100
000000000010000000100000000101000110101111111101111111111111111111111111111111111111111111111111111111111111111101111111
000010000010000010000000000000000000000000000000000001000000000000010000100000000000010000010000000000000000000000000110
000000000010100000000010000000000001000000000000010000010000010000100001000000000000000000000000100000000010000000011100
100001100000100100100000110100101111111111101011101111110111011111111111111111111111101111111101111000100000000000000000
001000100000000000000000000110000010110101000111111111101111111111111111011111111111111111111111111111111111111110111111
100000000000110000000000000000010000000000000000000000001000000000000000000000000000000000000100001000000110000000000000
000000001000010000000000000001010100000000101000000100000010000000010000011000100000000000000000000010000000000000010110
100100100100100100101100100101111001101101101100001110000101100011111111111111101011111011111111110000100000000000000000
000000000000000000000000000000000000010001010100111110101010111101111111111111111111111111111111111111111111111111111111
101010010000000010000000100000000000001000100000000000000010000000000000000000000010001000000000000000000100000000000000
000010000000000000000100100100010000000000010010000000010001001000001000000000000000110000010000000001000000100000000101
100100100100100100100100110110001100100010000111101110000000000111111111111111111011111111101011000000000000000000000000
001000100000000000100000000000000000000100000000000000010111011010111111011111111111111111111111101111111111111111111111
100100000010010000000000000000010000000000000000000000100000000000000000000000001000000100000000000000000000100000000000
000000010000000000000010000000100000000010000001010000000010001000000000010000000000000010000010010100000010000100010001
100100101100100000100100100101001110101100011101100010011011001000101100000110110101000010000110100000010000100000000000
000000100000000000000000000000100000100000000010000000000110111111111101101111111111111011111111111101111101111111111111
010010010010010000000000000000000000000000000000000000000000000000000000000000000000000000000000000100010000000000000000
000000110100000010010000000000010000000100000010000011010000000000000000001000000000100010000000000000001110000000001110
000100100000000100101110100000001001000010101010111100100111110001001011100000001110100100100000000000100000000000000000
000000000000000000100000000000000000101000000001000100000000100101111011110101101011110111111111011111101011110111111111
000100011001000010000110000000010000000000000000000000110000000010000000000000010000100010000101000000000000100000000000
100000000000000000000000000000000000000000000000100000000000000110000010000000000000000000000000000000010010000000000111
100100100100100111011111011011011111011111111000110100010011000110100001000111001100110000100001000000000000000100001000
000010000000000000000001000000000100000000000000000100000000000110101100101011101111011010011010101011111111111111111111
010000110000000100000000000000010000000000000000000101000000000100000000100000000100000100000000000000010000000000100100
000010000000000000000010000000000000000000000000000100010000000000000000000000000000000000010000000000000000000000101000
100100110110101100001000101101011001111101011111101111111101010000101000111000001001001100001000010000100100000000000000
000000000000000100000000010000000000000000000000000000000000000101011101111011110110111101111111111111111111111111111110
110010010011000000000000000000000001000000000010000000000100100010010000000100000000100000110000000000000000000000000010
000010000000000000000000100000000000000000010000000000000000000110001000000010000100000000001000000010000000000000000000
100100000000100001001000100011001100011000001011011101011001101111101101000101010011110100111100000010001100100000000100
000000000000000000000000000000000000000100000100000000000000000110011011100101011101100111111011011100111000111111111111
110010100101110010000000000000000000000001000000000000001010000100001000000000010000000000100000000000000000100000100000
000000000000000000000000010010000000000000000000000000000000000000000000000000000000000000100000000000000110100000000000
100001001001001000011011011101100011101011001001101000001101011111111110001100000010000101000001001000100010000000001000
000000000000000000100000000000010001000000000000000000010001000000000101011100101011101010001111001100100111111111111111
000000000110010000110000000000000000000000000000000001000000000000100000100000000000000000000100000000000000000000000000
000010100000000010000000000010000000000000000000110000000000000000000100000100000000000000000010000000000000000000000001
000110000011100001011001111010001001001011001011001111001011101000110011101111010101000000000101101110111111001010000000
000000000000000000000000000000000000000000000000000000000000000000000000010111111111101111111111010111100011111111111111
000010000010000100010000000000000000000000000000000000000000000000100000100010000100000100000010000000000000000000000100
000000000000000000000000000000010000000000000000000000010000010110000000000000000000000000000000010000100000000001010000
001001000001000001001011001001011001111010101001001011011011000001011001001111111100101111111001010100001101000100000000
000000000000000000000000000000000000000000000000000000000000000000000000000000011111111000011111111111101111111111111111
010000000100010010110000000000010000000000000000000000000100000110000000100000000000000100000000001000000000000100000000
100000000010000000010000000000010000010000000000000000010000000000000000000000000010000000001100000000000010001000001111
001011100011011011010001001011001111101001011101000011001001001101001111101010001110100001110001101101111110001000000010
000000000000000110000100000000000100000100000000000000000000101000000000001100100110101010111111110001111111111111111101
010110100010111110101101000000000000000000000000000000000000010000000000000000000000000000000000000000100001000000000000
000110100000000000000000000000000000000010000000000000000010000000010010000000000000010000000000000000100100000000001101
001011111001001101001001100001001011011010101001011101010111001001001010001001011111111000100000110001111000100001101000
100000000000000000000000000110000000000000000000000000001100000000000000000000101111111101110101101111001111111111111111
101110000010000101010000000000000010000000000000000100000000100000000000000000000010000101000000000000100000000000100000
000100000010000000000000000000010000000000000000000010000000000000000000000000000010000000010000100000000000000000011001
001001001111000001101011011001011001001011011001011011001001101001001001011001010101011111101011001010011101000000000000
000000000000000000000000000000000000000000000000000000000000000000000000010000010111111011111110011011110101111111111111
110100000000100000100010000010000000000000000000100000100000000000000100000000000000000000000000000000000000000000000010
000110000000000010000000000000010000000000000000000000000010000000100010000000010000000000000000000000000000000000001000
001001001011011001111001001101011011011111001001000000001011001001001011001011001001001111000000101101000100100000000000
000000000000000000000000000000000000000000000000000000001000100000000000000100111101001111001101101001011111111111111111
110001110101011101000100000000000000010000011000000001010000000000000010000000000000000000000000000000000000000000000000
000000000000000000000000000000000000010000000000000000000000000000000000010000000000000000000000000000101000000001001010
111000111001011001001011001001011011010001011001001001011001001001111011110011001001010101010000000100101001100110000000
010000000000000001000000000000000000000000000000000000000000000000000100000000000110110110011111011101101111111111111111
101110111100010100000100011000000000000000000010000000000000000000100100000000100000000000100000000000000000100000000100
010000000000000000000000000000000010000000010000010000000000000000000000000000010000000010000000100000000000011000001000
001001001011101001011001111011001010101010011101010011001010001001010001000101010001101001011000000000001001100000001000
000000000000000000000000010000000000001000000000000100000010000000000000000000000110101001101111101110111011111111111111
110101101100110001010100100100000000100000000110000000000000001000000000100000000000100000000000000000000000000000000000
010000110000000000000010000000010000000000000000000000000000000000000000000000000000000000000010001100010001000101001101
001000111001001011011010011001001001001101011001001011010011001011001001001001011001011001000101000000100000000100100000
000000000100000000000010000000000000000000000000000001000000000000000101000000000001000111111100000111111111011111101111
011100101100100000100110111100000000000000000000100000000000000000000010001000000100000101000010000110000000100000100010
110010000000010000100010100000000010000010000000000000000010000000000000010000000000001000000000000000000100001001001011
001001001001011000111011001011011001011011010001111001001101011011001011001011001010011001010100010100000000000100100000
000000100000000000000000000000000000000110000000000000001000000000000000100000010101110000111001111011101111111111111111
111000001111101100001000101000000000000000000000000010001000000000001000100000000000000000000000000000000000000000010000
010100010000000000000000010000010100000000000000001000000000000000000000000000000000000000000000000000000001000011001001
000010001011001001001101001001111011101011011001001011011011100011101000101011011101001111100010000000000000001100000100
000000000011000000001000000000000000000000000000000000000000000000100100000000000111000000101100001110111001111111111111
001110111111100110110011001000000000000000000000000000000000000100000000000000000000000000010001000000000000000000000010
000000010000000000000010000000000000000000000000000000000000000000000000000000000010000000000010000000000011000101001101
001110001101011101001011011011011001011101010001111001011010011000001001001001011000111110001101001100000010100001100000
000000000000000000000000000010000000000001000000000000000000000000000110100000111010000110011001111110011111111111111111
110001101110010000111111011110000100000000100000000000000000100000000100000000000000000000000000000000100000000100000000
100110000000000000000000000010010000000001000000000000100000000000000000100010000000000000000010000001011001001001010001
101011001001001001110001111101001111001101001011001011001101001001111111011000111100100000010101001000100001011000000000
000000100000000000000000000000000000000000000000000000000100000000000000000000000000010100000111001111000111111111111111
111110110000110000000111111111100000010100000000100000100000000000000000010000000000000000000000000001000000000000100000
000000100000000000000000000000000000100000010000000000000000000000000000000100000000000000000001001010100000101011101001
001011001001011001011011011001011011001001111001001001011001011101010001101000110111000010001101011010100100000000101000
000010000000000000000000000000000000000100000000000000000000000000000000100000000100100000111010111111101011111111111111
000111000111001011000000111011111011000000000000000010000000000000000010000000100000000000100000000000000000000000110000
100000000100000000000000010000010010000000000000000000000000000000000100000000000000010000000000000000000000010010001011
011001011111001001011011011011011001011011011000101001101010011011011011011011000000000000010111100100100100000000100000
000000000000000000000000000000000000000000000000000000000000000000000000000000100110000101100111110111101011111111111111
100110011100100000000000000011111111111101000000000000010000000000000000100000000000100000000000000000000000000000000110
010000110000100000100000000000000000000000000000000000000000000100000000000000000000000100000000000000100001000100100010
100000001011011001010111001001001011011101001001011010011001001010101011001001010000000000000110000111100100000000000000
000000000000000000110000000000000000000000000000000000000000000000000000000000100000110100101110111111101101111111101111
011101110001010000000000000101111011111111110100000000000000001000000000000000000000000000000000000000000000010000100010
000110000000100000000000000000100010000000000000000000010000000000000010000000100000000000100000100100000000100000000100
101000000001001011111001011011001000001001011001011001111011011101011001011111001011000010001100110110001010000000100000
000000000000000000000100000010001000000000000000000000000001000000000100000000000000100101100101111101011101111111111111
010010101010000000100000000000011111111111011111000000100100000001000000000000010000000000000000000000000000001000000000
110000110110000110000100100011000000001000000100000000000000010000000100110100000100000000100000000001000100000000010000
100100000100011000101001001011011001101001101101011010001110001111001101001011001100100100000000000000100100000000000000
000000000000000000000000000000000000000000000000000000000000000000000000000000000000100000000110101111111111111111111111
000000000011000000000000010000000101111101111001111100001000000100000000010000000000000000000000100000000000000000100110
000000100000000100100000000010010000100000000000000000000000000000101000000000000100000000000000100100100000000100100000
001000100010100100000011111001001001110011011011001011000001011011000001111001000110000000101000000000100100000000000000
000000000100010100000000000000000000010000000000000100000000000100000000000000000100110110000100100111011101101111111111
000000000000000000000000000000000010111101001111011111101000000000000000000000000000000000000000000100000010000100000110
000000100100000010000100010000000010000100000010000000000000000100110100000100000010100000101000001000000100100000000100
000000100100101000000100011111010011101011001001110011011001001000001001001011011100001100000000001000000000000100000000
000000000000000000000000000000000000000000000000000000000000000000000000010000000000000110101111111111110111111111011111
000000001000000000000000000010000000011111111111101001101000100000000100000000000000000110110010010110010100110000010100
000110000010000000110000000100110000110000111100000000001010000000100100100000000000100000100010100000000000100100000000
000110000000110000000000000001011111001001001001001001011111001011111011010011101000100001000000100000100000000000000000
000000000000001000000000001000000000000000100000000000000000000000000000000000110100100000110100111011111101111111111111
000000000000000000100000000000000000000011011010110011111111011000000000000100100010100110100100110000110010000100000010
010110000000010000000111110010000000000000001000001000010100001000100110100010010101100000110000000100000100001000100000
000000100000100100100000100010101010011011011001011111001001001001001000111001100000000110100101100000000100000010000000
000000000000000100000000000000000000000000000000000000000010000000000000000001100000010110110110101101001111111111111111
000000000000000000000000000000000000000010111111011101111011111100000000000010000100111000100010110110110010010110001110
110100100000110100110100000000100110100000000100100010000000100100000100000000110100000000100000000000100000000101000100
100100000100000000100000100000000011001001101001001101000011101001001011001000100000010001000010000100000000000000000000
000000000000000000001000000000000000000000000001000000000100000000000001000000001010000000110110001011111101111111111111
000000000000000000000000010000000000000000101111001011010011001011110000000100000000101010000111000010100010110100100000
000000000100000000010110100010100000000001000011100000100100000100000000000000000000110001100110000100000000000000000100
000100100000100000000000111100100110101011001001001010011110111011001001011011100000101000000000101000000010000000000100
000000000100000000000000000010010000001000000000000000000000000000100000100000010100110000010100111110101111111111111111
001000000000000000000000000000000000000000000101011101101010110001111000000010100110100010110110100000110000110110010010
100100110100010100100010010010110010110000000000100000000100000000100100000100100000000000100000100000100100100000000100
100100000100100000000001000100000100001101001011111001011001001011011110001000000100100100100100100000010000000000000000
000000000000000000000000000000000000000000000000000000000000000000000000000001100110000100100111010111010000111111011111
000000000000000000000000000000000000000001000011001101011111110010011101011110000100110000110110100100000010000000010110
000110100010010100000110000110000100000000010000100000100100000100000000100100000000100000000100000100000000000000100000
000000001100000000100000100100000100101001000100000110011001001011010011001110000101101000000100000000000000001000000000
100001001000000000000000000000000000000000001000000000000000000000000010000000000010100100100110100111111100011111111110
000000010000000000000000000000000000000100000000101111011001001111111111001000010100010110000100100110000110011100100000
110000010100000010010000100100100100100010000000010000000100000100000000000100000100000001000101000100000100000001110000
000100000000000100100100010000100100000011001111011001001001001011011101001101110100001001000000101000000000000000000000
001010000000000000000000100000000110000000000000000000000000000000000000000110100100110110100101101111101111111101010111
000000000000000000000000000000000000001000000001011101111111101101111111010100110000000100010100110100110100010110010000
100000000100100100110110110100100100110010100100100100000000100000100000110100100000100000000100000100110000000000000100
000100100100000000000000100000010100100111001001101111001010010000111001011010000000000000101000000000000000100000000000
000000000100000000000000000000000000000000000000000000000000000000000000000100100100110110110110010111101111110111111111
000000000000000000000000000000000000000000000000000101101111110111100001000110010100110000110010100011110000110000010110
000100100110110110000100000100100110000100100000000100100010001000100100100000100000000100100000000000000000100000000100
100000000000110101100100000000000100000101011001001001001001011101001000101001101000000000000110000100000000000000000100
100000000000000000000000000000000000000000000000000000000000000000000000100000100101110111111110110111010111111101111111
000000000000000000000000000000000000000000000010000000111011001111001111000001110100100110000110110100110010110010000101
110100100110110010010110110100000000110000110000001100000000000100100100100100001000000110000100100101000000100000100000
100100000100000000110000110100100000100100111001010010011001010001001011001001001110011100100000000000000100000000000000
000000000000000000000000000000000000000000000000000000010000000000000000000000100100100000100100111101111111111101011101
000000000010000000000000000000000000000000000000000001011011111111111100000100000110110100100010100010000110100110100000
001100000100100010100010010000010100000000100100000000000100000001000000010010000100100000100100001000100100100000000001
000100100000000110000100100000000100000100101011001011001011101011001011001111000101100011000100010000100001010100000000
000000000000000000000000000000000000000000000010000100000000000000000100000000000100001110110110101111111101111101011111
000000000000000000000000000000000000000000000000000000111101011001011101001000000100010000100100010101000100100110100100
110010110100110000010110100110100110100101000100110100100010100101100100100100100100001100000100000101000000000100100100
000101100100000100100000100100100100000100111000111001011111001001011000101010101111011110101000011000111001111110100010
000000000000000000000000000000000000000000000000000000000010000000000000100100100100100100101010111111101010100001010010
000000000000000100000000000000000000000000000000000000000101001110101000000000010000000110000100110110100110110110100100
010000010100100100000010110000100100000100100000000000100000000000000100000100010000100000000100000000110000100000100100
100100000000100100000100000100000000100100111011001001001001001001000000001101111011110100010001011100101001101110000000
000000000010000000000000000000000000010000000000000000000000000000000000000000100000100100110110100101010101100011001011
